LIBRO=Modelo_FV_5MWp_Resumen_Directorio_v3.1_r3_prueba.xlsx
NAMES=Custom|Conservador|Base|Favorable|Custom P50|Custom P90|CAPEX −|CAPEX +|Tarifa −|Tarifa +|Energía alt.|OPEX +|OPEX −|Peaje|Esc. tarifa|Participación alt.|IVA alt.|Contrato alt.|PISO|M11|M12|M13|M14|M15|M21|M22|M23|M24|M25|M31|M32|M33|M34|M35|M41|M42|M43|M44|M45|M51|M52|M53|M54|M55|E11|E12|E13|E21|E22|E23|E31|E32|E33|E41|E42|E43|E51|E52|E53|L1|L2|L3|L4|Terreno alt.|P1|P2|P3|P4|R1|R2|R3|R4|R5|A1|A2|A3|A4|A5|DM11|DM12|DM13|DM14|DM15|DM21|DM22|DM23|DM24|DM25|DM31|DM32|DM33|DM34|DM35|TS1|TS2|TS3|TX1|TX2|TX3|Disponibilidad −|Escalación CAPEX +|Peaje kW|Sin absorción fiscal|Reemplazo alt.|Sin deducción adicional|BR0 v2.0|BR1 + escalación|BR2 + disponibilidad|BR3 + reemplazo|BR4 + construcción|BR5 ≡ Base
LABELS=TIR proyecto|VAN proyecto|Payback simple|LCOE $/MWh|TIR equity|VAN equity|DSCR mín|DSCR prom|Ahorro año 1|Aporte equity|VAN Exergy|TIR grupo|Energía año 1 (MWh)|Energía no reconocida Σ (MWh)|Cobertura año 1|Nominal Exergy Σ|
OUTS_BEGIN
0.106413933073|0.037910599478|0.079782956716|0.118164028789|0.106413933073|0.092686999808|0.122300954843|0.093721272317|0.086921131277|0.124469907528|0.092686999808|0.099958674453|0.109561003259|0.09274657674|0.115412202464|0.11583602763|0.09802406133|0.112469895292|0.055234772262|0.100997133678|0.111866882654|0.122300954843|0.132369772726|0.142128017164|0.093542847544|0.10392452087|0.113876968912|0.12346919485|0.132754887524|0.086921131277|0.096879088967|0.106413933073|0.11559330001|0.124469907528|0.080984441704|0.090570568015|0.099739414451|0.108557308073|0.11707602471|0.075619475452|0.08487621693|0.093721272317|0.102219717847|0.110422420837|0.106413933073|0.106413933073|0.106413933073|0.106413933073|0.106413933073|0.106413933073|0.106413933073|0.106413933073|0.106413933073|0.106413933073|0.106413933073|0.106413933073|0.106413933073|0.106413933073|0.106413933073|0.106413933073|0.106413933073|0.106413933073|0.106413933073|0.110010044434|0.106413933073|0.109134859394|0.111141086909|0.112681806062|0.102020612178|0.104275414388|0.106413933073|0.107400056453|0.108216513392|0.099127472195|0.102791976441|0.106465082038|0.108387490372|0.110283572724|0.106413933073|0.106413933073|0.106413933073|0.106413933073|0.106413933073|0.106413933073|0.106413933073|0.106413933073|0.106413933073|0.106413933073|0.106413933073|0.106413933073|0.106413933073|0.106413933073|0.106413933073|0.109734055827|0.106413933073|0.103266487136|0.110010044434|0.110010044434|0.110010044434|0.103830650683|0.103376863175|0.102770281927|0.104062616879|0.107884081719|0.094228328817|0.097606562655|0.09313719319|0.090712541697|0.089049726411|0.089049726411|0.079782956716
2.146903194248E+5|-1.987978922834E+6|-6.128807606432E+5|5.702587539624E+5|2.146903194248E+5|-2.37621689041E+5|6.624742388637E+5|-2.330936000141E+5|-4.194048972139E+5|8.487855360634E+5|-2.37621689041E+5|-1359.126218534075|3.227150422464E+5|-2.364208782176E+5|5.503426691704E+5|5.527071283683E+5|-7.010806731963E+4|3.983721765346E+5|-1.631820381238E+6|2.837902222504E+4|3.454266305443E+5|6.624742388637E+5|9.79521847183E+5|1.296569455502E+6|-1.955129374944E+5|1.215346708249E+5|4.385822791442E+5|7.556298874635E+5|1.072677495783E+6|-4.194048972139E+5|-1.023572888945E+5|2.146903194248E+5|5.317379277441E+5|8.487855360634E+5|-6.432968569333E+5|-3.26249248614E+5|-9201.640294691548|3.078459680246E+5|6.248935763439E+5|-8.671888166528E+5|-5.501412083334E+5|-2.330936000141E+5|8.395400830516E+4|4.010016166245E+5|2.146903194248E+5|2.146903194248E+5|2.146903194248E+5|2.146903194248E+5|2.146903194248E+5|2.146903194248E+5|2.146903194248E+5|2.146903194248E+5|2.146903194248E+5|2.146903194248E+5|2.146903194248E+5|2.146903194248E+5|2.146903194248E+5|2.146903194248E+5|2.146903194248E+5|2.146903194248E+5|2.146903194248E+5|2.146903194248E+5|2.146903194248E+5|3.084506564865E+5|2.146903194248E+5|3.603252795627E+5|5.059602397006E+5|6.515951998385E+5|6.992886061449E+4|1.455704164027E+5|2.146903194248E+5|2.451188006541E+5|2.688457644124E+5|-2.575092745373E+4|8.757358540792E+4|2.17020478787E+5|2.936694106969E+5|3.783719988073E+5|2.146903194248E+5|2.146903194248E+5|2.146903194248E+5|2.146903194248E+5|2.146903194248E+5|2.146903194248E+5|2.146903194248E+5|2.146903194248E+5|2.146903194248E+5|2.146903194248E+5|2.146903194248E+5|2.146903194248E+5|2.146903194248E+5|2.146903194248E+5|2.146903194248E+5|3.171107196071E+5|2.146903194248E+5|1.122699192425E+5|3.084506564865E+5|3.084506564865E+5|3.084506564865E+5|1.27529464904E+5|1.157865020853E+5|9.190926405479E+4|1.383487889294E+5|2.658594953981E+5|-1.96736430643E+5|-7.545201939614E+4|-2.243753261788E+5|-3.020951247681E+5|-3.532643007414E+5|-3.532643007414E+5|-6.128807606432E+5
7.365003067725|11.635166790546|8.174719233616|6.850870633216|7.365003067725|8.025039053514|6.678853139091|7.982319192696|8.325245854018|6.605440580822|8.025039053514|7.644508196591|7.233325242036|8.067827817|7.192950668582|7.082100164205|7.829461876012|7.091736755935|10.627184210559|7.603644622298|7.110937547551|6.678853139091|6.296816069706|5.956594189922|7.975573450044|7.473265204616|7.031311658176|6.639136494703|6.288879471071|8.325245854018|7.815332637527|7.365003067725|6.964416576632|6.605440580822|8.654672868962|8.138725286676|7.68157754493|7.273670349358|6.907410491724|8.965568577547|8.44491291015|7.982319192696|7.568242817372|7.19558402516|7.365003067725|7.365003067725|7.365003067725|7.365003067725|7.365003067725|7.365003067725|7.365003067725|7.365003067725|7.365003067725|7.365003067725|7.365003067725|7.365003067725|7.365003067725|7.365003067725|7.365003067725|7.365003067725|7.365003067725|7.365003067725|7.365003067725|7.133928224249|7.365003067725|7.242446386094|7.153843515233|7.086801081362|7.557742147042|7.457860240844|7.365003067725|7.323256835248|7.289725478229|7.695764523889|7.526994422804|7.36267357941|7.278797959402|7.19763355436|7.365003067725|7.365003067725|7.365003067725|7.365003067725|7.365003067725|7.365003067725|7.365003067725|7.365003067725|7.365003067725|7.365003067725|7.365003067725|7.365003067725|7.365003067725|7.365003067725|7.365003067725|7.1946157913|7.365003067725|7.535390344149|7.133928224249|7.133928224249|7.133928224249|7.483468180343|7.506880595609|7.532072053905|7.646954793995|7.365003067725|8.297432496186|7.611899771212|7.833608866015|7.955999442663|7.955999442663|7.955999442663|8.174719233616
103.029464060439|155.29104933004|110.599697156268|93.824590598485|103.029464060439|115.374297640903|90.900358216686|115.158569904192|103.029464060439|103.029464060439|115.374297640903|109.680091591065|99.704150295126|116.915972963441|103.029464060439|103.029464060439|103.029464060439|98.039299014738|150.290838159382|90.900358216686|90.900358216686|90.900358216686|90.900358216686|90.900358216686|96.964911138562|96.964911138562|96.964911138562|96.964911138562|96.964911138562|103.029464060439|103.029464060439|103.029464060439|103.029464060439|103.029464060439|109.094016982315|109.094016982315|109.094016982315|109.094016982315|109.094016982315|115.158569904192|115.158569904192|115.158569904192|115.158569904192|115.158569904192|103.029464060439|103.029464060439|103.029464060439|103.029464060439|103.029464060439|103.029464060439|103.029464060439|103.029464060439|103.029464060439|103.029464060439|103.029464060439|103.029464060439|103.029464060439|103.029464060439|103.029464060439|103.029464060439|103.029464060439|103.029464060439|103.029464060439|108.025240609266|103.029464060439|100.680964692636|99.003465144205|97.745340482882|106.690075369535|104.780647169634|103.029464060439|102.245721490894|101.613726449912|109.449417396216|106.138047395988|102.984516704117|101.395510936406|99.867879875569|103.029464060439|103.029464060439|103.029464060439|103.029464060439|103.029464060439|103.029464060439|103.029464060439|103.029464060439|103.029464060439|103.029464060439|103.029464060439|103.029464060439|103.029464060439|103.029464060439|103.029464060439|103.029464060439|103.029464060439|103.029464060439|108.025240609266|108.025240609266|108.025240609266|105.19850540908|105.708467965637|106.809020470091|103.029464060439|103.029464060439|103.029464060439|97.757948978739|101.403209705885|103.377678875808|103.377678875808|103.377678875808|110.599697156268
0.185393622225|0.010754289588|0.109365070185|0.231129800037|0.185393622225|0.138626995289|0.246700306788|0.143256510285|0.121803827142|0.266096921764|0.138626995289|0.162783744429|0.197246921357|0.138545403441|0.208976453812|0.193942217429|0.143291182839|0.207581744644|0.049083880147|0.162904384949|0.202243876791|0.246700306788|0.296025753872|0.348763709174|0.140403510271|0.174564757803|0.213154129048|0.256706326917|0.304891607179|0.121803827142|0.151816160453|0.185393622225|0.223345264702|0.266096921764|0.10618319125|0.132915906889|0.162427576604|0.195522315399|0.232920970007|0.092856592712|0.116987446496|0.143256510285|0.172363775033|0.205052091345|0.185393622225|0.24938368121|0.342248660286|0.170749416395|0.222368452535|0.307219506291|0.157436844868|0.197939043142|0.270686415584|0.141503325125|0.169642794195|0.222459204332|0.127348997562|0.14583525196|0.179519969687|0.123845719613|0.129619502321|0.136956286049|0.146767881077|0.266894707253|0.185393622225|0.195377765031|0.202947981545|0.208879704716|0.17032285123|0.178001509363|0.185393622225|0.18876032554|0.191433310178|0.160559872718|0.172816372933|0.18557828184|0.192376033153|0.199085049895|0.119140741706|0.123845719613|0.129619502321|0.136956286049|0.146767881077|0.122260238669|0.128485907724|0.136442565651|0.147130656309|0.162651179218|0.125272283107|0.133072416696|0.143394302009|0.157937009716|0.180598686922|0.214038928928|0.185393622225|0.165816990154|0.266894707253|0.266894707253|0.266894707253|0.175757460391|0.174719303791|0.172259005952|0.137612406859|0.189396988579|0.137777939988|0.178488188439|0.162292035206|0.153465122368|0.148783941207|0.133602775976|0.109365070185
5.636124777934E+5|-1.193715883447E+6|-8.659129807936E+4|8.323724217279E+5|5.636124777934E+5|1.73933825568E+5|8.867097751379E+5|2.405151804488E+5|1.732423269526E+4|1.109900722891E+6|1.73933825568E+5|3.795876638937E+5|6.556248847432E+5|1.737584295433E+5|8.2523870335E+5|7.041695271513E+5|2.720721373741E+5|6.958944845199E+5|-1.016603839708E+6|3.404215300398E+5|6.135656525889E+5|8.867097751379E+5|1.159853897687E+6|1.432998020236E+6|1.788728813675E+5|4.520170039166E+5|7.251611264657E+5|9.983052490147E+5|1.271449371564E+6|1.732423269526E+4|2.904683552443E+5|5.636124777934E+5|8.367566003424E+5|1.109900722891E+6|-1.44224415977E+5|1.28919706572E+5|4.020638291211E+5|6.752079516701E+5|9.483520742192E+5|-3.057730646493E+5|-3.262894210028E+4|2.405151804488E+5|5.136593029978E+5|7.868034255469E+5|5.636124777934E+5|7.323521977344E+5|8.836826836515E+5|4.637632911974E+5|6.246952297122E+5|7.692657344807E+5|3.620763549563E+5|5.147163976105E+5|6.520427341734E+5|2.236253813905E+5|3.644569447196E+5|4.913768056634E+5|8.188508407948E+4|2.10049732157E+5|3.257174477342E+5|7.797314172134E+4|1.751010089357E+5|2.722288761501E+5|3.693567433646E+5|6.948720491649E+5|5.636124777934E+5|7.521668609259E+5|9.407212440585E+5|1.129275627191E+6|4.593629682251E+5|5.142970031861E+5|5.636124777934E+5|5.839799271327E+5|5.979891166176E+5|3.218452936256E+5|4.356728363732E+5|5.666293479235E+5|6.456208464928E+5|7.347899142457E+5|-1.915472549307E+4|7.797314172134E+4|1.751010089357E+5|2.722288761501E+5|3.693567433646E+5|4.834116248334E+4|1.623430016918E+5|2.763448409003E+5|3.903466801089E+5|5.043485193174E+5|1.088733568502E+5|2.380082446504E+5|3.671431324506E+5|4.962780202508E+5|6.25412908051E+5|6.714101471381E+5|5.636124777934E+5|4.558148084486E+5|6.948720491649E+5|6.948720491649E+5|6.948720491649E+5|4.885213100823E+5|4.922486911717E+5|4.585530197346E+5|2.025567983072E+5|6.050294319959E+5|1.852859239864E+5|7.152646201826E+5|6.057876171579E+5|5.280678185686E+5|4.768986425953E+5|3.504976355849E+5|-8.659129807936E+4
0.730833706123|0.485265327655|0.625491959536|0.788540501868|0.730833706123|0.671950346291|0.811642494422|0.671105471294|0.648290906214|0.813376506033|0.671950346291|0.703123046411|0.744689035979|0.667102264878|0.769727439792|0.751555669714|0.758420622867|0.760951835375|0.573904675943|0.714533318057|0.76308790624|0.811642494422|0.860197082604|0.908751670786|0.678726608953|0.723344338634|0.767962068315|0.812579797995|0.857197527676|0.648290906214|0.689562306168|0.730833706123|0.772105106078|0.813376506033|0.622102045717|0.660494045675|0.698886045633|0.737278045591|0.775670045549|0.599329123546|0.63521729742|0.671105471294|0.706993645168|0.742881819041|0.730833706123|0.876177144365|0.672053435546|0.709897121264|0.845880398384|0.646341316584|0.689977670621|0.817265575583|0.622271408358|0.664902377676|0.781542195262|0.592526322425|0.641408730711|0.748380947561|0.56523006304|1.436376714572|1.201195711756|1.033209281173|0.907219458235|0.710018187091|0.730833706123|0.743997590684|0.753824594765|0.76144078304|0.710954171277|0.721077363765|0.730833706123|0.735423463575|0.73931492709|0.697480303781|0.714059740548|0.731079420469|0.740204929954|0.749403197192|1.789148218797|1.436376714572|1.201195711756|1.033209281173|0.907219458235|2.152506814401|1.727063591056|1.443434775492|1.240842764376|1.088898756038|1.642197542354|1.318816173418|1.103228594128|0.949237466063|0.833744120014|0.730833706123|0.730833706123|0.730833706123|0.710018187091|0.710018187091|0.710018187091|0.719487616789|0.716148953084|0.713673514867|0.690671055644|0.730833706123|0.651529568861|0.70998677337|0.689629037206|0.679646519582|0.679646519582|0.657602283715|0.625491959536
1.078907140709|0.831192340631|1.003645570306|1.147040619848|1.078907140709|1.010025898727|1.17456479299|1.008203658589|0.982369527242|1.175444754176|1.010025898727|1.048449922653|1.094135749738|1.012907661633|1.098004581841|1.074402429152|0.991970204286|1.116179982998|0.783635985762|1.060991130088|1.117777961539|1.17456479299|1.231351624441|1.288138455893|1.018492966387|1.070675460153|1.122857953919|1.175040447685|1.227222941451|0.982369527242|1.030638333976|1.078907140709|1.127175947443|1.175444754176|0.951286567978|0.996187783544|1.04108899911|1.085990214676|1.130891430242|0.924257907748|0.966230783168|1.008203658589|1.050176534009|1.09214940943|1.078907140709|1.167196603032|1.205957179807|1.031314685855|1.118339273593|1.155315543611|0.989995784386|1.075162855881|1.110141925639|0.942418859796|1.024554325772|1.056745404632|0.901486845478|0.980251935767|1.009667049503|2.035316528793|1.716513399431|1.488796878459|1.31800948773|1.056028479258|1.078907140709|1.093626600137|1.104614860266|1.113131052716|1.055093158015|1.06720811531|1.078907140709|1.084446204219|1.08919123087|1.040070703487|1.05937230895|1.079181891093|1.08979648024|1.100487221889|2.513521222834|2.035316528793|1.716513399431|1.488796878459|1.31800948773|2.721093489711|2.203127860818|1.857817441556|1.611167142084|1.426179417479|2.802623106092|2.270401130664|1.915586480378|1.66214744446|1.472068167521|1.078907140709|1.078907140709|1.078907140709|1.056028479258|1.056028479258|1.056028479258|1.065637365662|1.061524019026|1.062072331848|0.963288968248|1.078907140709|0.984561610393|1.089139891375|1.063583354571|1.051336113286|1.051336113286|1.020044985097|1.003645570306
7.076202768E+5|6.3182725488E+5|7.149153312E+5|7.222103856E+5|7.076202768E+5|6.3182725488E+5|7.076202768E+5|7.076202768E+5|6.0147723528E+5|8.1376331832E+5|6.3182725488E+5|7.076202768E+5|7.076202768E+5|7.076202768E+5|7.076202768E+5|7.076202768E+5|7.076202768E+5|7.076202768E+5|6.3182725488E+5|6.0147723528E+5|6.5454875604E+5|7.076202768E+5|7.6069179756E+5|8.1376331832E+5|6.0147723528E+5|6.5454875604E+5|7.076202768E+5|7.6069179756E+5|8.1376331832E+5|6.0147723528E+5|6.5454875604E+5|7.076202768E+5|7.6069179756E+5|8.1376331832E+5|6.0147723528E+5|6.5454875604E+5|7.076202768E+5|7.6069179756E+5|8.1376331832E+5|6.0147723528E+5|6.5454875604E+5|7.076202768E+5|7.6069179756E+5|8.1376331832E+5|7.076202768E+5|7.076202768E+5|7.076202768E+5|7.076202768E+5|7.076202768E+5|7.076202768E+5|7.076202768E+5|7.076202768E+5|7.076202768E+5|7.076202768E+5|7.076202768E+5|7.076202768E+5|7.076202768E+5|7.076202768E+5|7.076202768E+5|7.076202768E+5|7.076202768E+5|7.076202768E+5|7.076202768E+5|7.076202768E+5|7.076202768E+5|8.4914433216E+5|9.9066838752E+5|1.13219244288E+6|7.088820869147E+5|7.087970210643E+5|7.076202768E+5|7.054298311514E+5|7.01389203256E+5|5.926254246607E+5|6.464228832106E+5|7.098846616858E+5|7.505773403451E+5|7.995836917119E+5|7.076202768E+5|7.076202768E+5|7.076202768E+5|7.076202768E+5|7.076202768E+5|7.076202768E+5|7.076202768E+5|7.076202768E+5|7.076202768E+5|7.076202768E+5|7.076202768E+5|7.076202768E+5|7.076202768E+5|7.076202768E+5|7.076202768E+5|7.076202768E+5|7.076202768E+5|7.076202768E+5|7.076202768E+5|7.076202768E+5|7.076202768E+5|6.93030168E+5|7.076202768E+5|7.076202768E+5|7.076202768E+5|7.076202768E+5|7.076202768E+5|7.2950544E+5|7.2950544E+5|7.149153312E+5|7.149153312E+5|7.149153312E+5|7.149153312E+5
5.7508044874E+5|6.54238546594E+5|5.911105888094E+5|5.461889931558E+5|5.7508044874E+5|5.7508044874E+5|5.26880881429E+5|6.23280016051E+5|5.7508044874E+5|5.7508044874E+5|5.7508044874E+5|5.7508044874E+5|5.7508044874E+5|5.7508044874E+5|5.7508044874E+5|5.7508044874E+5|7.127934982E+5|5.5932973054E+5|7.8165002293E+5|5.26880881429E+5|5.26880881429E+5|5.26880881429E+5|5.26880881429E+5|5.26880881429E+5|5.509806650845E+5|5.509806650845E+5|5.509806650845E+5|5.509806650845E+5|5.509806650845E+5|5.7508044874E+5|5.7508044874E+5|5.7508044874E+5|5.7508044874E+5|5.7508044874E+5|5.991802323955E+5|5.991802323955E+5|5.991802323955E+5|5.991802323955E+5|5.991802323955E+5|6.23280016051E+5|6.23280016051E+5|6.23280016051E+5|6.23280016051E+5|6.23280016051E+5|5.7508044874E+5|5.7508044874E+5|5.7508044874E+5|5.7508044874E+5|5.7508044874E+5|5.7508044874E+5|5.7508044874E+5|5.7508044874E+5|5.7508044874E+5|5.7508044874E+5|5.7508044874E+5|5.7508044874E+5|5.7508044874E+5|5.7508044874E+5|5.7508044874E+5|2.63532072274E+6|2.22327266794E+6|1.81122461314E+6|1.39917655834E+6|3.2133044874E+5|5.7508044874E+5|6.780310610808E+5|7.809816734216E+5|8.839322857624E+5|5.896293338488E+5|5.823548912944E+5|5.7508044874E+5|5.709236244232E+5|5.663511176747E+5|5.028238145715E+5|5.364164709197E+5|5.767276585375E+5|6.03601783616E+5|6.371944399641E+5|3.04736877754E+6|2.63532072274E+6|2.22327266794E+6|1.81122461314E+6|1.39917655834E+6|3.04736877754E+6|2.63532072274E+6|2.22327266794E+6|1.81122461314E+6|1.39917655834E+6|3.04736877754E+6|2.63532072274E+6|2.22327266794E+6|1.81122461314E+6|1.39917655834E+6|4.7358044874E+5|5.7508044874E+5|6.7658044874E+5|3.2133044874E+5|3.2133044874E+5|3.2133044874E+5|5.7508044874E+5|5.857264791002E+5|5.7508044874E+5|5.7508044874E+5|5.7508044874E+5|5.7508044874E+5|5.7508044874E+5|5.911105888094E+5|5.911105888094E+5|5.911105888094E+5|5.911105888094E+5|5.911105888094E+5
1.137873591518E+5|1.418182878907E+5|1.194638436321E+5|1.035565128505E+5|1.137873591518E+5|1.137873591518E+5|9.671925527899E+4|1.308554630245E+5|1.137873591518E+5|1.137873591518E+5|1.137873591518E+5|1.137873591518E+5|1.137873591518E+5|1.137873591518E+5|1.137873591518E+5|1.137873591518E+5|1.137873591518E+5|1.067651881492E+5|1.308554630245E+5|9.671925527899E+4|9.671925527899E+4|9.671925527899E+4|9.671925527899E+4|9.671925527899E+4|1.052533072154E+5|1.052533072154E+5|1.052533072154E+5|1.052533072154E+5|1.052533072154E+5|1.137873591518E+5|1.137873591518E+5|1.137873591518E+5|1.137873591518E+5|1.137873591518E+5|1.223214110881E+5|1.223214110881E+5|1.223214110881E+5|1.223214110881E+5|1.223214110881E+5|1.308554630245E+5|1.308554630245E+5|1.308554630245E+5|1.308554630245E+5|1.308554630245E+5|1.137873591518E+5|1.137873591518E+5|1.137873591518E+5|1.137873591518E+5|1.137873591518E+5|1.137873591518E+5|1.137873591518E+5|1.137873591518E+5|1.137873591518E+5|1.137873591518E+5|1.137873591518E+5|1.137873591518E+5|1.137873591518E+5|1.137873591518E+5|1.137873591518E+5|1.137873591518E+5|1.137873591518E+5|1.137873591518E+5|1.137873591518E+5|2.002702209004E+4|1.137873591518E+5|1.331063100026E+5|1.524252608535E+5|1.717442117043E+5|1.192062952232E+5|1.164968271875E+5|1.137873591518E+5|1.122390917028E+5|1.105359975089E+5|1.024760500098E+5|1.07758055626E+5|1.140964623654E+5|1.183220668583E+5|1.236040724745E+5|1.137873591518E+5|1.137873591518E+5|1.137873591518E+5|1.137873591518E+5|1.137873591518E+5|1.137873591518E+5|1.137873591518E+5|1.137873591518E+5|1.137873591518E+5|1.137873591518E+5|1.137873591518E+5|1.137873591518E+5|1.137873591518E+5|1.137873591518E+5|1.137873591518E+5|1.137873591518E+5|1.137873591518E+5|1.137873591518E+5|1.224474222723E+5|2.002702209004E+4|-8.239337809226E+4|1.137873591518E+5|1.175572592185E+5|1.137873591518E+5|1.137873591518E+5|4.795454557523E+4|1.137873591518E+5|1.137873591518E+5|1.194638436321E+5|1.194638436321E+5|1.194638436321E+5|1.194638436321E+5|1.194638436321E+5
0.110020059143|0.041073370415|0.083373364756|0.121911369825|0.110020059143|0.096108477607|0.126088552421|0.097187510726|0.090268208104|0.128333891101|0.096108477607|0.103490593881|0.113204370059|0.096157927036|0.118986658553|0.119496176791|0.101255283424|0.116143234233|0.058001420515|0.104487169784|0.115505969224|0.126088552421|0.13630538278|0.146211153438|0.096956421628|0.107476843554|0.117567617026|0.127297786974|0.13672105875|0.090268208104|0.10035585646|0.110020059143|0.11932849209|0.128333891101|0.084273246409|0.093981042819|0.103271301892|0.112210385695|0.120850087475|0.078856865676|0.088228128103|0.097187510726|0.10580011858|0.114116834096|0.110020059143|0.110020059143|0.110020059143|0.110020059143|0.110020059143|0.110020059143|0.110020059143|0.110020059143|0.110020059143|0.110020059143|0.110020059143|0.110020059143|0.110020059143|0.110020059143|0.110020059143|0.110020059143|0.110020059143|0.110020059143|0.110020059143|0.110020059143|0.110020059143|0.112772371841|0.114801911777|0.116360628345|0.105580753442|0.107859434888|0.110020059143|0.111015448203|0.111838260512|0.102654810956|0.106359057676|0.110071795596|0.112014244241|0.113929114144|0.110020059143|0.110020059143|0.110020059143|0.110020059143|0.110020059143|0.110020059143|0.110020059143|0.110020059143|0.110020059143|0.110020059143|0.110020059143|0.110020059143|0.110020059143|0.110020059143|0.110020059143|0.113513269712|0.110020059143|0.106711999028|0.113513269712|0.110020059143|0.106711999028|0.107401244632|0.106949035902|0.106330811024|0.10755855072|0.10961530101|0.097515756283|0.101241738278|0.096723126571|0.094266230772|0.09259794739|0.09259794739|0.083373364756
6275.9|5603.69|6340.599999999999|6405.3|6275.9|5603.69|6275.9|6275.9|6275.9|6275.9|5603.69|6275.9|6275.9|6275.9|6275.9|6275.9|6275.9|6275.9|5603.69|6275.9|6275.9|6275.9|6275.9|6275.9|6275.9|6275.9|6275.9|6275.9|6275.9|6275.9|6275.9|6275.9|6275.9|6275.9|6275.9|6275.9|6275.9|6275.9|6275.9|6275.9|6275.9|6275.9|6275.9|6275.9|6275.9|6275.9|6275.9|6275.9|6275.9|6275.9|6275.9|6275.9|6275.9|6275.9|6275.9|6275.9|6275.9|6275.9|6275.9|6275.9|6275.9|6275.9|6275.9|6275.9|6275.9|7531.08|8786.26|1.004144E+4|6287.091022019194|6286.336571096551|6275.9|6256.472888741961|6220.636469916452|5256.008094408046|5733.138952840054|6295.98288|6656.887153621446|7091.525575704754|6275.9|6275.9|6275.9|6275.9|6275.9|6275.9|6275.9|6275.9|6275.9|6275.9|6275.9|6275.9|6275.9|6275.9|6275.9|6275.9|6275.9|6275.9|6275.9|6275.9|6275.9|6146.5|6275.9|6275.9|6275.9|6275.9|6275.9|6470.0|6470.0|6340.599999999999|6340.599999999999|6340.599999999999|6340.599999999999
0.0|0.0|0.0|0.0|0.0|0.0|0.0|0.0|0.0|0.0|0.0|0.0|0.0|0.0|0.0|0.0|0.0|0.0|0.0|0.0|0.0|0.0|0.0|0.0|0.0|0.0|0.0|0.0|0.0|0.0|0.0|0.0|0.0|0.0|0.0|0.0|0.0|0.0|0.0|0.0|0.0|0.0|0.0|0.0|0.0|0.0|0.0|0.0|0.0|0.0|0.0|0.0|0.0|0.0|0.0|0.0|0.0|0.0|0.0|0.0|0.0|0.0|0.0|0.0|0.0|0.0|0.0|0.0|0.0|0.0|0.0|0.0|0.0|0.0|0.0|0.0|0.0|0.0|0.0|0.0|0.0|0.0|0.0|0.0|0.0|0.0|0.0|0.0|0.0|0.0|0.0|0.0|0.0|0.0|0.0|0.0|0.0|0.0|0.0|0.0|0.0|0.0|0.0|0.0|0.0|0.0|0.0|0.0|0.0|0.0|0.0
0.602460693083|0.537931286545|0.608671628064|0.614882563044|0.602460693083|0.537931286545|0.602460693083|0.602460693083|0.602460693083|0.602460693083|0.537931286545|0.602460693083|0.602460693083|0.602460693083|0.602460693083|0.602460693083|0.602460693083|0.602460693083|0.537931286545|0.602460693083|0.602460693083|0.602460693083|0.602460693083|0.602460693083|0.602460693083|0.602460693083|0.602460693083|0.602460693083|0.602460693083|0.602460693083|0.602460693083|0.602460693083|0.602460693083|0.602460693083|0.602460693083|0.602460693083|0.602460693083|0.602460693083|0.602460693083|0.602460693083|0.602460693083|0.602460693083|0.602460693083|0.602460693083|0.602460693083|0.602460693083|0.602460693083|0.602460693083|0.602460693083|0.602460693083|0.602460693083|0.602460693083|0.602460693083|0.602460693083|0.602460693083|0.602460693083|0.602460693083|0.602460693083|0.602460693083|0.602460693083|0.602460693083|0.602460693083|0.602460693083|0.602460693083|0.602460693083|0.7229528317|0.843444970317|0.963937108934|0.603534985357|0.603462561159|0.602460693083|0.600595769979|0.597155620562|0.504555247759|0.550357855777|0.604388567301|0.639033899257|0.680757407441|0.602460693083|0.602460693083|0.602460693083|0.602460693083|0.602460693083|0.602460693083|0.602460693083|0.602460693083|0.602460693083|0.602460693083|0.602460693083|0.602460693083|0.602460693083|0.602460693083|0.602460693083|0.602460693083|0.602460693083|0.602460693083|0.602460693083|0.602460693083|0.602460693083|0.590038823123|0.602460693083|0.602460693083|0.602460693083|0.602460693083|0.602460693083|0.621093498024|0.621093498024|0.608671628064|0.608671628064|0.608671628064|0.608671628064
1.10473164225E+5|1.376876581463E+5|1.159843142059E+5|1.005403037383E+5|1.10473164225E+5|1.10473164225E+5|9.390218959125E+4|1.270441388587E+5|1.10473164225E+5|1.10473164225E+5|1.10473164225E+5|1.10473164225E+5|1.10473164225E+5|1.10473164225E+5|1.10473164225E+5|1.10473164225E+5|1.10473164225E+5|1.03655522475E+5|1.270441388587E+5|9.390218959125E+4|9.390218959125E+4|9.390218959125E+4|9.390218959125E+4|9.390218959125E+4|1.021876769081E+5|1.021876769081E+5|1.021876769081E+5|1.021876769081E+5|1.021876769081E+5|1.10473164225E+5|1.10473164225E+5|1.10473164225E+5|1.10473164225E+5|1.10473164225E+5|1.187586515419E+5|1.187586515419E+5|1.187586515419E+5|1.187586515419E+5|1.187586515419E+5|1.270441388587E+5|1.270441388587E+5|1.270441388587E+5|1.270441388587E+5|1.270441388587E+5|1.10473164225E+5|1.10473164225E+5|1.10473164225E+5|1.10473164225E+5|1.10473164225E+5|1.10473164225E+5|1.10473164225E+5|1.10473164225E+5|1.10473164225E+5|1.10473164225E+5|1.10473164225E+5|1.10473164225E+5|1.10473164225E+5|1.10473164225E+5|1.10473164225E+5|1.10473164225E+5|1.10473164225E+5|1.10473164225E+5|1.10473164225E+5|5.967867499905E+5|1.10473164225E+5|1.29229427187E+5|1.47985690149E+5|1.66741953111E+5|1.15734267207E+5|1.13103715716E+5|1.10473164225E+5|1.089699919444E+5|1.073165024358E+5|9.949131068911E+4|1.046194714815E+5|1.107732644324E+5|1.148757930663E+5|1.200039538587E+5|1.10473164225E+5|1.10473164225E+5|1.10473164225E+5|1.10473164225E+5|1.10473164225E+5|1.10473164225E+5|1.10473164225E+5|1.10473164225E+5|1.10473164225E+5|1.10473164225E+5|1.10473164225E+5|1.10473164225E+5|1.10473164225E+5|1.10473164225E+5|1.10473164225E+5|1.10473164225E+5|1.10473164225E+5|1.10473164225E+5|5.982867499905E+5|5.967867499905E+5|5.952867499905E+5|1.10473164225E+5|1.141332613771E+5|1.10473164225E+5|1.10473164225E+5|-1.167995630477E+5|1.10473164225E+5|1.10473164225E+5|1.159843142059E+5|1.159843142059E+5|1.159843142059E+5|1.159843142059E+5|1.159843142059E+5
OUTS_END
